30.2284
28.85773
29.2004
31.7704
29.2004
28.6864
28.85773
29.88573
32.2844
31.7704
31.59907
31.7704
31.42773
31.59907
31.2564
30.57107
29.7144
30.05707
30.57107
33.65507
35.3684
33.65507
35.8824
34.16907
35.53973
35.02573
34.3404
35.8824
34.8544
35.02573
34.51173
34.8544
34.3404
34.3404
34.8544
35.53973
35.53973
35.8824
34.51173
35.02573
34.16907
35.02573
35.3684
35.02573
37.25307
36.05373
37.4244
37.08173
36.73907
37.76707
37.4244
36.73907
35.71107
34.8544
33.8264
34.51173
36.56773
36.22507
36.22507
35.71107
35.19707
36.56773
36.05373
36.05373
36.22507
36.56773
37.76707
36.9104
36.3964
34.3404
34.51173
35.8824
36.56773
34.8544
35.02573
32.62707
33.65507
33.3124
31.7704
30.05707
30.05707
33.14107
34.51173
34.16907
35.19707
33.99773
33.14107
34.3404
34.68307
33.8264
33.8264
35.19707
33.48373
33.8264
34.3404
33.99773
33.3124
33.48373
33.3124
32.45573
34.16907
33.99773
33.3124
34.8544
34.16907
34.3404
33.3124
33.8264
33.48373
33.3124
33.8264
35.02573
33.8264
32.62707
32.96973
33.48373
33.65507
31.94173
31.2564
29.7144
28.00107
29.02907
27.31573
26.1164
28.00107
29.2004
31.42773
32.11307
32.11307
32.62707
33.8264
33.14107
33.65507
32.11307
31.08507
30.91373
30.57107
31.7704
31.59907
32.11307
31.08507
30.2284
29.02907
29.2004
28.34373
27.82973
27.6584
28.00107
26.80173
27.82973
28.51507
28.6864
28.34373
29.02907
27.6584
25.6024
26.45907
27.1444
27.6584
26.1164
24.74573
24.0604
22.86107
23.20373
24.23173
23.71773
23.71773
22.5184
23.20373
22.34707
24.74573
26.1164
26.28773
25.94507
23.88907
25.0884
27.31573
27.82973
27.31573
30.05707
28.85773
31.2564
29.7144
30.7424
31.7704
31.2564
31.42773
33.14107
32.45573
33.3124
32.7984
34.16907
33.48373
33.65507
32.96973
33.8264
33.8264
34.16907
34.51173
33.65507
33.3124
34.16907
33.48373
32.45573
33.65507
34.16907
35.53973
34.8544
36.56773
37.4244
36.05373
36.9104
35.3684
36.05373
34.68307
36.05373
36.9104
36.3964
35.53973
36.05373
35.3684
36.22507
35.71107
37.4244
36.22507
34.68307
34.8544
34.68307
35.3684
35.19707
34.51173
34.8544
33.8264
34.51173
33.14107
33.48373
34.16907
36.05373
36.56773
37.25307
36.56773
36.56773
37.59573
38.79507
38.28107
39.4804
38.9664
39.30907
40.5084
40.67973
39.9944
41.36507
39.9944
39.82307
38.10973
37.9384
37.25307
35.8824
34.68307
34.16907
33.3124
35.19707
32.45573
33.8264
35.3684
36.05373
36.56773
35.71107
35.3684
34.8544
36.9104
37.25307
36.56773
36.73907
36.3964
35.02573
36.22507
36.9104
37.76707
37.4244
37.59573
37.25307
38.28107
36.9104
36.56773
35.53973
35.02573
34.51173
33.65507
32.11307
32.7984
32.7984
31.08507
32.45573
31.7704
33.48373
32.7984
31.7704
30.7424
30.7424
30.2284
30.2284
28.1724
28.6864
29.2004
29.7144
29.54307
25.6024
28.34373
26.28773
27.6584
28.00107
28.85773
29.02907
29.7144
29.37173
27.48707
28.34373
27.6584
26.45907
29.7144
30.57107
26.97307
29.2004
27.1444
27.1444
28.00107
26.80173
25.6024
26.80173
27.48707
26.80173
25.94507
26.28773
26.1164
25.6024
26.80173
26.80173
27.82973
27.6584
27.82973
26.6304
27.1444
28.1724
28.6864
29.02907
28.51507
28.51507
29.02907
29.02907
27.48707
29.02907
29.54307
29.54307
27.6584
26.97307
26.97307
25.94507
27.1444
26.6304
28.1724
28.00107
28.1724
26.45907
25.43107
25.0884
26.1164
26.6304
27.6584
27.6584
27.6584
27.1444
27.6584
26.80173
28.6864
28.34373
28.1724
27.6584
27.82973
27.31573
28.85773
29.2004
28.1724
28.6864
27.6584
28.00107
28.1724
29.54307
31.08507
33.14107
31.7704
31.59907
32.62707
31.59907
30.91373
31.2564
30.91373
31.08507
31.08507
30.91373
31.59907
30.7424
30.7424
30.7424
29.88573
29.7144
29.37173
30.2284
31.2564
31.42773
30.7424
29.2004
29.37173
27.48707
25.43107
26.1164
26.80173
26.6304
25.25973
22.5184
24.40307
23.0324
23.71773
24.23173
26.80173
24.5744
29.02907
31.08507
29.88573
29.02907
29.02907
28.34373
29.37173
19.4344
12.7524
12.06707
11.89573
9.32573
6.41307
14.97973
28.85773
31.2564
31.08507
31.42773
31.2564
29.54307
30.39973
33.3124
31.7704
29.54307
30.7424
30.7424
32.2844
31.94173
32.11307
32.62707
26.1164
21.83307
14.46573
17.03573
14.2944
16.69307
17.54973
16.52173
16.00773
17.54973
21.31907
22.5184
22.34707
23.71773
24.0604
22.68973
27.31573
26.80173
25.43107
24.23173
22.86107
25.77373
29.02907
30.91373
30.7424
31.7704
32.2844
32.96973
32.96973
32.2844
30.39973
31.59907
32.62707
31.94173
28.34373
32.96973
29.88573
33.65507
31.2564
30.2284
33.65507
34.68307
33.99773
32.7984
31.59907
31.7704
31.42773
30.91373
32.96973
31.59907
31.42773
30.57107
28.85773
26.6304
27.6584
29.2004
28.51507
28.34373
27.48707
28.34373
27.6584
28.6864
27.31573
27.48707
26.97307
26.28773
27.48707
26.1164
26.97307
27.1444
27.1444
26.1164
25.77373
27.31573
25.43107
25.6024
26.28773
26.80173
27.1444
26.97307
24.91707
26.80173
25.94507
26.80173
26.6304
25.6024
26.1164
25.77373
26.45907
26.80173
25.94507
24.74573
24.0604
24.23173
26.1164
26.80173
23.37507
24.23173
25.94507
25.77373
25.94507
25.25973
26.45907
27.48707
26.45907
25.0884
25.25973
25.0884
25.43107
25.77373
24.74573
25.0884
22.0044
26.45907
25.6024
25.25973
22.86107
16.52173
15.66507
20.29107
22.68973
22.0044
22.17573
21.31907
21.66173
24.40307
24.23173
24.0604
24.0604
23.20373
22.0044
22.5184
22.17573
24.0604
24.0604
23.5464
23.5464
23.71773
23.5464
24.23173
24.23173
22.86107
24.40307
24.0604
24.40307
23.71773
25.25973
23.20373
23.5464
24.40307
23.88907
23.88907
22.86107
23.88907
25.43107
23.88907
23.71773
24.5744
21.66173
23.5464
22.5184
23.5464
23.20373
23.0324
21.83307
23.5464
23.37507
23.0324
23.20373
23.20373
21.83307
22.5184
22.86107
21.83307
21.66173
20.80507
21.31907
19.9484
20.9764
20.80507
20.80507
21.31907
21.4904
20.63373
19.77707
18.4064
19.60573
20.29107
20.80507
20.4624
19.4344
18.4064
20.11973
21.4904
19.9484
20.4624
20.11973
19.4344
19.26307
19.09173
19.60573
18.23507
19.09173
19.77707
21.14773
19.4344
20.11973
20.80507
19.9484
19.26307
20.29107
19.60573
19.77707
19.4344
18.74907
18.23507
19.60573
20.4624
20.63373
20.11973
20.9764
20.4624
21.31907
21.14773
21.31907
20.63373
20.4624
20.80507
20.9764
18.57773
18.74907
20.11973
19.9484
19.4344
20.11973
19.77707
19.77707
18.4064
19.09173
18.4064
19.09173
18.23507
19.4344
18.06373
18.57773
19.09173
17.72107
18.74907
18.06373
16.8644
18.06373
18.74907
17.8924
18.23507
18.23507
17.8924
18.23507
18.23507
18.9204
17.54973
17.54973
17.20707
16.17907
17.3784
17.3784
17.20707
17.72107
16.8644
17.54973
19.09173
19.09173
18.4064
17.8924
17.03573
17.3784
17.72107
17.54973
17.8924
16.00773
17.20707
16.3504
17.3784
16.8644
17.3784
17.03573
19.4344
21.4904
17.54973
18.06373
17.3784
16.8644
16.52173
16.17907
16.8644
16.8644
17.03573
15.66507
17.8924
17.54973
16.69307
17.20707
16.8644
17.72107
16.69307
16.8644
16.8644
16.8644
15.66507
15.3224
14.63707
15.49373
15.66507
16.17907
16.17907
15.8364
17.03573
16.17907
16.00773
16.52173
16.69307
16.00773
16.8644
16.52173
15.49373
15.66507
14.97973
13.7804
14.2944
15.15107
14.8084
16.3504
17.03573
16.69307
15.15107
17.3784
17.8924
17.72107
18.06373
17.3784
18.57773
18.06373
17.20707
17.20707
17.3784
18.06373
16.17907
16.8644
17.72107
18.57773
16.00773
16.52173
15.49373
14.97973
15.8364
14.97973
14.2944
12.58107
12.92373
13.2664
11.89573
12.2384
12.7524
13.43773
13.43773
13.09507
13.09507
12.2384
12.92373
13.2664
13.43773
13.95173
12.58107
12.92373
12.2384
11.38173
11.55307
10.86773
10.35373
13.09507
11.89573
13.2664
11.2104
11.2104
11.89573
11.55307
12.92373
12.7524
11.38173
11.55307
10.35373
11.38173
9.49707
12.40973
10.52507
11.89573
11.2104
10.1824
13.09507
12.40973
12.06707
11.55307
12.06707
12.40973
11.03907
12.06707
11.89573
11.38173
10.86773
11.03907
8.98307
11.2104
11.89573
11.7244
12.2384
11.7244
11.55307
12.2384
12.2384
10.6964
11.7244
10.1824
11.55307
11.7244
12.92373
12.40973
10.01107
7.95507
9.32573
9.49707
10.1824
10.6964
9.49707
9.49707
10.35373
10.6964
10.6964
12.06707
12.06707
10.6964
11.2104
12.92373
11.03907
11.2104
10.86773
11.89573
11.38173
11.38173
11.55307
11.38173
10.6964
11.89573
11.7244
10.86773
11.89573
10.6964
10.35373
11.38173
10.35373
9.6684
10.1824
10.01107
10.1824
10.52507
9.6684
9.83973
11.2104
11.55307
12.7524
11.55307
10.1824
9.6684
10.52507
8.29773
10.6964
9.49707
9.83973
8.81173
11.38173
11.03907
10.1824
12.06707
12.06707
11.03907
11.03907
11.7244
10.6964
9.49707
11.03907
10.6964
10.35373
11.2104
10.1824
10.6964
11.7244
12.40973
10.86773
11.38173
10.6964
12.2384
12.06707
11.55307
10.35373
10.86773
10.86773
9.6684
10.35373
10.86773
11.03907
20.63373
10.86773
4.0144
8.46907
11.2104
5.89907
10.86773
11.03907
10.35373
10.6964
10.1824
11.03907
10.01107
10.1824
10.6964
10.52507
10.52507
11.03907
11.03907
10.6964
11.7244
11.55307
11.2104
8.98307
11.89573
10.6964
10.35373
10.52507
10.1824
10.52507
9.83973
11.55307
11.55307
9.83973
10.35373
9.83973
9.6684
10.01107
10.1824
9.32573
8.46907
10.6964
8.81173
9.1544
9.1544
9.6684
10.01107
9.83973
10.01107
10.52507
9.1544
10.6964
9.49707
10.1824
8.6404
7.95507
8.98307
8.81173
9.49707
8.1264
8.46907
7.78373
8.81173
8.6404
8.29773
8.98307
8.81173
7.95507
7.6124
8.1264
8.46907
8.6404
8.46907
7.95507
7.95507
9.6684
9.32573
10.52507
8.6404
9.6684
9.32573
10.52507
9.6684
9.32573
9.49707
8.98307
9.1544
9.49707
8.81173
8.81173
8.1264
8.98307
8.6404
9.6684
10.01107
10.1824
9.49707
9.32573
10.01107
9.83973
8.98307
9.83973
9.49707
10.86773
10.1824
9.6684
9.6684
11.7244
9.83973
11.38173
9.6684
10.01107
9.1544
9.49707
8.29773
9.1544
8.81173
8.6404
8.1264
7.78373
9.83973
9.6684
8.98307
10.1824
10.01107
10.1824
11.55307
10.01107
10.35373
9.83973
9.6684
9.6684
10.86773
9.32573
8.81173
11.2104
11.2104
10.1824
11.2104
12.92373
12.7524
11.7244
13.7804
12.58107
12.2384
12.40973
11.89573
13.09507
12.40973
11.89573
12.2384
13.60907
12.7524
12.58107
11.03907
10.86773
11.38173
11.38173
9.83973
12.2384
10.86773
11.03907
10.86773
9.6684
9.6684
11.2104
11.7244
12.92373
14.63707
14.12307
14.97973
13.60907
12.7524
13.43773
11.89573
11.55307
13.2664
12.06707
12.7524
13.60907
12.06707
13.2664
14.97973
14.8084
13.7804
14.8084
15.15107
14.63707
14.46573
14.12307
13.60907
15.3224
13.43773
13.95173
14.12307
14.12307
13.7804
14.8084
14.2944
13.7804
12.58107
13.95173
13.09507
13.95173
14.63707
13.7804
13.09507
13.43773
13.7804
12.58107
14.12307
14.12307
13.2664
14.2944
15.8364
15.49373
13.43773
14.46573
14.8084
15.49373
14.46573
14.97973
13.2664
14.12307
14.2944
14.46573
14.63707
14.8084
14.2944
8.98307
14.97973
15.3224
15.49373
13.7804
13.95173
12.2384
12.92373
12.7524
14.2944
13.09507
13.2664
13.09507
14.2944
13.95173
13.95173
15.66507
14.97973
14.8084
13.2664
12.7524
12.40973
13.95173
12.92373
13.09507
13.60907
12.2384
13.43773
13.7804
13.09507
13.2664
13.43773
14.63707
14.12307
12.40973
11.89573
13.09507
12.7524
12.40973
12.92373
13.09507
12.58107
12.7524
13.43773
13.60907
13.09507
13.2664
12.40973
13.2664
13.43773
12.58107
11.55307
12.40973
11.89573
11.55307
11.55307
12.06707
11.89573
13.2664
12.58107
12.2384
13.09507
12.7524
12.06707
11.89573
11.55307
10.52507
11.38173
11.55307
11.89573
11.2104
10.6964
11.55307
11.55307
13.60907
12.40973
11.89573
12.7524
12.7524
12.06707
11.2104
11.2104
11.38173
11.03907
11.55307
11.7244
10.52507
12.2384
11.38173
11.2104
11.7244
12.58107
11.7244
10.52507
11.55307
12.58107
12.06707
11.7244
11.55307
12.06707
11.38173
13.09507
10.52507
11.55307
12.40973
12.7524
12.40973
12.40973
11.55307
10.6964
10.86773
10.86773
11.2104
11.55307
10.86773
9.6684
10.52507
10.01107
9.1544
10.52507
11.2104
10.52507
12.2384
11.7244
12.2384
12.40973
11.38173
11.38173
10.01107
10.6964
10.1824
10.35373
10.01107
10.6964
11.38173
10.52507
10.6964
11.03907
12.06707
11.38173
11.7244
11.03907
11.03907
10.52507
10.1824
9.6684
10.6964
10.6964
10.86773
11.7244
11.89573
12.58107
11.2104
11.7244
11.38173
11.38173
12.58107
12.7524
10.01107
11.38173
9.83973
11.03907
9.6684
10.1824
10.86773
11.55307
12.06707
11.89573
10.52507
10.6964
9.6684
10.35373
11.03907
10.86773
10.35373
9.32573
10.1824
10.35373
9.32573
10.35373
9.6684
10.86773
11.03907
10.6964
10.86773
10.35373
9.6684
9.83973
9.32573
9.83973
9.6684
8.6404
8.98307
9.83973
8.81173
9.6684
8.81173
9.32573
10.35373
10.35373
11.03907
10.35373
9.83973
8.98307
10.1824
10.52507
9.32573
9.1544
8.1264
9.6684
9.32573
9.83973
9.32573
9.6684
10.52507
9.32573
9.49707
9.32573
10.01107
9.1544
8.81173
9.49707
9.32573
8.81173
9.83973
9.1544
8.98307
9.6684
9.6684
10.6964
10.52507
10.52507
10.01107
10.01107
8.81173
7.26973
8.29773
8.98307
8.6404
8.46907
8.6404
8.46907
10.1824
10.6964
9.49707
9.83973
10.86773
10.1824
11.7244
10.52507
7.6124
8.1264
9.1544
9.6684
9.83973
10.6964
11.03907
11.03907
11.38173
10.6964
11.03907
11.03907
10.35373
10.6964
10.52507
8.46907
8.6404
9.6684
9.6684
9.49707
8.98307
10.1824
10.01107
10.1824
10.52507
10.52507
11.2104
9.32573
10.52507
8.81173
8.98307
9.32573
10.52507
10.35373
11.03907
10.01107
10.52507
10.52507
10.86773
11.2104
10.6964
10.6964
10.01107
10.86773
9.32573
10.86773
9.32573
8.46907
9.49707
9.83973
10.52507
10.01107
10.1824
11.55307
11.38173
10.6964
10.35373
10.6964
9.1544
9.6684
10.1824
10.52507
9.32573
10.01107
9.1544
8.98307
11.7244
10.86773
11.38173
12.06707
10.86773
12.92373
13.60907
12.2384
12.40973
10.86773
11.38173
12.7524
12.58107
12.2384
11.38173
12.40973
12.06707
11.38173
11.89573
11.89573
13.09507
14.46573
11.89573
12.7524
12.92373
13.43773
12.92373
11.55307
11.38173
12.92373
13.60907
13.09507
12.06707
12.06707
13.09507
12.40973
12.40973
10.86773
13.43773
12.40973
11.38173
13.43773
12.06707
13.09507
13.43773
12.92373
13.43773
12.7524
13.60907
13.7804
14.2944
11.89573
12.40973
12.58107
12.2384
13.60907
12.2384
13.09507
12.92373
13.43773
14.12307
12.06707
15.3224
14.63707
14.8084
13.60907
12.7524
12.92373
12.7524
13.43773
13.43773
13.2664
13.95173
14.8084
14.46573
15.3224
14.63707
13.95173
15.66507
14.12307
13.09507
12.2384
13.2664
13.09507
12.7524
13.43773
15.49373
15.15107
13.2664
16.69307
14.8084
13.7804
16.8644
15.8364
14.12307
13.7804
14.12307
14.2944
13.95173
13.2664
13.60907
13.95173
15.15107
14.8084
16.69307
16.17907
17.3784
16.17907
15.15107
14.8084
14.2944
14.46573
15.15107
14.46573
14.8084
14.8084
14.63707
16.69307
15.66507
15.3224
16.69307
16.3504
16.3504
16.8644
14.8084
15.49373
15.15107
15.49373
15.15107
15.8364
14.97973
16.69307
17.54973
16.52173
15.15107
16.52173
16.52173
15.8364
16.17907
15.15107
15.3224
15.3224
15.66507
15.8364
15.8364
16.00773
16.17907
17.20707
16.00773
17.72107
16.52173
16.69307
17.20707
14.97973
14.46573
16.69307
16.69307
14.63707
16.69307
15.8364
17.54973
16.52173
17.8924
16.8644
17.3784
17.8924
16.00773
16.3504
15.3224
15.3224
15.49373
15.66507
16.8644
15.8364
17.20707
17.03573
17.72107
17.72107
18.57773
17.20707
17.20707
17.20707
16.00773
17.54973
16.3504
17.03573
16.17907
16.52173
17.3784
17.54973
19.26307
18.9204
18.57773
18.23507
18.4064
18.57773
18.74907
17.3784
18.23507
18.9204
17.8924
17.8924
17.03573
18.23507
18.9204
19.60573
19.26307
19.60573
18.4064
20.11973
20.29107
19.9484
18.4064
19.09173
18.57773
18.74907
18.9204
18.74907
20.63373
20.11973
20.80507
19.9484
19.4344
18.4064
20.4624
19.9484
18.9204
19.9484
17.03573
19.09173
19.09173
19.4344
19.4344
20.29107
21.14773
20.11973
19.9484
20.9764
21.31907
21.4904
21.14773
20.11973
19.60573
19.09173
17.8924
17.72107
18.57773
18.57773
20.9764
20.80507
22.17573
21.4904
20.63373
20.63373
23.20373
20.80507
21.31907
21.83307
20.11973
20.63373
20.80507
21.83307
21.66173
22.86107
22.0044
22.5184
22.34707
23.0324
22.86107
23.20373
21.83307
21.14773
20.9764
20.9764
21.4904
22.5184
22.34707
23.20373
24.23173
24.0604
21.66173
23.20373
23.0324
23.0324
22.86107
22.68973
20.80507
21.14773
22.17573
20.80507
20.9764
23.5464
23.71773
23.20373
23.88907
24.23173
24.0604
23.37507
23.20373
23.71773
23.20373
23.37507
22.5184
24.0604
21.66173
23.0324
22.68973
23.88907
25.0884
25.0884
24.5744
25.0884
25.43107
24.0604
24.40307
22.68973
22.86107
23.71773
24.91707
23.5464
23.71773
24.40307
24.0604
25.77373
25.94507
26.97307
25.25973
26.97307
25.94507
25.0884
23.5464
22.17573
22.5184
23.37507
23.5464
22.17573
24.74573
25.25973
26.6304
24.5744
25.6024
21.83307
24.91707
25.0884
25.43107
24.5744
25.6024
23.5464
25.43107
27.1444
26.1164
25.0884
25.77373
27.82973
26.6304
26.97307
26.6304
25.77373
26.1164
27.1444
25.77373
24.91707
25.25973
25.43107
26.1164
25.0884
25.0884
26.80173
26.97307
27.1444
28.1724
29.2004
26.1164
26.97307
26.28773
26.80173
25.77373
25.6024
25.6024
25.43107
26.28773
25.94507
27.1444
27.48707
26.97307
29.02907
28.00107
28.1724
27.6584
26.6304
26.1164
27.48707
25.94507
25.77373
25.6024
25.43107
24.74573
26.97307
26.97307
27.1444
26.6304
27.1444
27.1444
28.1724
26.6304
27.48707
27.1444
27.48707
26.97307
26.97307
26.80173
27.31573
26.6304
27.1444
27.31573
28.51507
28.51507
28.51507
26.45907
28.51507
27.1444
27.1444
27.1444
28.51507
27.31573
28.1724
28.1724
20.80507
23.37507
26.97307
27.6584
24.0604
24.5744
28.85773
28.6864
28.51507
24.0604
27.48707
26.97307
27.6584
27.82973
26.28773
24.40307
29.37173
28.51507
29.54307
29.02907
26.97307
26.45907
27.48707
26.80173
26.1164
26.97307
27.48707
28.34373
29.54307
27.1444
28.34373
29.37173
27.48707
25.94507
24.91707
26.6304
26.28773
28.6864
25.0884
26.80173
26.6304
26.97307
27.1444
27.1444
28.00107
28.1724
28.6864
29.02907
27.1444
28.6864
28.85773
28.34373
28.85773
28.00107
28.00107
22.68973
24.91707
21.31907
24.40307
27.6584
28.6864
28.34373
27.31573
28.34373
25.94507
28.1724
28.1724
28.51507
28.34373
27.1444
26.97307
27.31573
27.48707
26.6304
28.00107
26.97307
28.6864
23.5464
26.1164
28.1724
27.1444
25.77373
27.31573
27.6584
26.80173
26.80173
27.6584
27.48707
22.5184
20.9764
25.77373
27.48707
27.6584
28.00107
28.34373
28.6864
29.02907
28.00107
26.80173
26.97307
27.1444
26.80173
26.80173
28.85773
27.31573
27.1444
28.34373
29.02907
27.31573
27.82973
27.6584
27.82973
27.6584
28.00107
27.48707
26.6304
28.51507
28.00107
27.6584
28.34373
28.51507
28.6864
29.02907
28.85773
29.02907
28.51507
27.6584
27.6584
27.1444
28.00107
28.85773
28.00107
26.80173
32.11307
27.1444
30.39973
28.6864
27.31573
28.51507
28.51507
28.85773
29.2004
27.48707
27.31573
28.00107
28.00107
28.1724
25.43107
22.86107
27.6584
29.02907
28.34373
28.34373
28.85773
29.37173
27.1444
26.80173
27.6584
25.77373
27.1444
25.94507
25.43107
25.6024
26.97307
26.45907
25.77373
27.48707
22.5184
19.77707
26.1164
27.82973
27.6584
28.51507
27.82973
27.48707
25.77373
27.31573
28.85773
28.1724
27.6584
28.00107
26.97307
28.1724
27.82973
28.00107
29.02907
29.54307
28.85773
29.02907
29.02907
28.34373
28.00107
27.82973
27.48707
28.00107
27.31573
28.34373
29.54307
28.51507
29.2004
30.2284
28.6864
29.37173
29.37173
28.34373
29.37173
29.02907
28.6864
28.1724
26.45907
27.1444
28.34373
29.54307
29.54307
28.85773
29.54307
29.37173
29.02907
28.1724
28.6864
28.34373
28.00107
29.2004
28.34373
29.02907
29.2004
28.6864
29.37173
23.88907
22.86107
26.45907
28.51507
31.2564
29.54307
28.85773
27.48707
28.00107
27.31573
25.6024
27.82973
27.48707
28.34373
28.34373
29.88573
30.39973
28.85773
28.6864
28.6864
28.6864
29.2004
28.85773
28.6864
28.51507
27.6584
28.1724
28.1724
26.1164
29.7144
28.1724
28.34373
28.85773
28.34373
28.6864
28.6864
28.1724
27.31573
26.80173
26.97307
25.94507
27.6584
26.97307
25.77373
25.77373
27.48707
28.34373
29.54307
27.6584
29.2004
27.82973
29.02907
29.02907
28.00107
28.00107
27.82973
28.34373
29.2004
28.00107
28.85773
28.00107
26.6304
26.6304
27.31573
28.51507
30.39973
28.00107
27.6584
27.6584
27.31573
26.45907
27.1444
26.28773
27.31573
27.48707
27.31573
29.37173
27.6584
28.00107
28.34373
28.00107
26.6304
25.25973
28.1724
26.80173
24.91707
24.40307
24.23173
24.40307
25.25973
25.25973
26.80173
24.91707
24.74573
25.43107
26.80173
27.48707
27.31573
27.82973
28.85773
25.0884
24.0604
28.6864
25.77373
27.1444
26.97307
26.6304
26.28773
27.31573
27.31573
24.0604
24.5744
24.40307
23.5464
20.63373
20.4624
22.17573
23.5464
23.88907
25.43107
24.40307
24.91707
26.1164
26.6304
26.80173
26.45907
26.28773
25.43107
25.94507
23.71773
23.71773
23.0324
20.29107
21.14773
21.66173
22.5184
23.88907
25.25973
25.6024
26.45907
26.45907
25.77373
26.80173
26.45907
25.94507
28.00107
25.94507
25.0884
25.94507
24.40307
25.94507
24.91707
24.74573
24.91707
24.74573
25.94507
25.77373
25.25973
25.43107
25.43107
25.25973
24.0604
26.1164
23.0324
22.68973
23.71773
24.0604
25.43107
24.0604
24.40307
25.6024
26.97307
25.77373
25.77373
26.1164
27.2472
26.28773
26.6304
26.6304
25.25973
25.77373
24.91707
21.14773
22.5184
23.37507
24.91707
24.0604
23.88907
23.71773
24.91707
24.74573
25.25973
25.6024
26.1164
26.6304
25.43107
25.77373
23.71773
25.25973
25.77373
26.45907
26.80173
25.25973
26.45907
27.48707
26.80173
26.80173
26.97307
27.82973
26.45907
25.43107
26.1164
25.6024
25.25973
24.23173
24.91707
25.77373
24.91707
25.94507
26.28773
27.1444
26.45907
26.80173
24.40307
25.43107
24.23173
23.88907
22.5184
23.88907
25.25973
24.74573
24.5744
24.0604
23.71773
24.5744
24.74573
25.94507
22.68973
23.0324
23.37507
24.0604
24.5744
23.88907
23.88907
23.0324
23.71773
22.86107
22.86107
21.83307
23.37507
25.6024
25.77373
24.91707
24.5744
25.43107
25.77373
25.43107
24.5744
24.23173
24.74573
24.23173
24.0604
26.45907
24.74573
26.45907
27.1444
27.6584
25.94507
26.97307
26.28773
27.1444
26.45907
25.6024
24.74573
25.94507
25.25973
26.1164
25.25973
25.0884
25.6024
26.45907
26.1164
25.43107
26.45907
27.6584
25.77373
26.6304
25.0884
24.0604
24.40307
26.28773
25.43107
25.77373
25.77373
27.1444
27.48707
26.45907
26.80173
27.82973
27.82973
29.2004
30.2284
29.54307
28.85773
28.1724
28.00107
28.85773
29.37173
28.34373
26.71607
28.34373
28.90057
29.4574
28.85773
29.37173
29.02907
27.82973
26.28773
26.6304
25.25973
27.48707
28.1724
29.37173
28.85773
31.08507
31.59907
29.54307
31.2564
31.59907
30.57107
30.05707
29.37173
29.54307
30.57107
28.34373
30.2284
29.54307
29.7144
28.85773
29.37173
28.6864
28.85773
28.6864
28.1724
28.6864
28.51507
29.37173
26.80173
27.6584
27.6584
26.6304
27.31573
27.31573
27.6584
26.1164
25.43107
25.94507
27.82973
28.34373
30.2284
29.88573
29.02907
25.77373
25.25973
26.6304
28.00107
27.82973
27.31573
27.1444
28.1724
27.48707
27.31573
28.51507
28.34373
26.80173
27.31573
27.31573
27.48707
26.97307
26.45907
27.6584
26.1164
27.31573
27.31573
28.00107
26.28773
26.1164
26.45907
27.48707
28.00107
29.2004
28.34373
26.97307
26.28773
26.1164
26.1164
25.25973
26.97307
25.94507
25.0884
24.91707
22.86107
24.5744
25.43107
26.6304
27.1444
26.28773
25.43107
24.74573
24.74573
22.0044
24.23173
23.37507
25.77373
24.40307
24.40307
26.1164
24.5744
26.45907
24.74573
25.25973
24.91707
24.0604
23.71773
23.37507
22.68973
21.83307
19.09173
19.9484
20.11973
19.77707
19.77707
20.80507
22.17573
20.9764
18.4064
19.77707
18.9204
20.9764
19.9484
21.14773
20.9764
19.77707
20.9764
20.11973
23.0324
20.80507
22.0044
22.5184
23.0324
22.86107
22.86107
20.9764
20.11973
19.77707
20.11973
21.83307
20.63373
18.9204
17.03573
17.20707
16.00773
15.66507
16.3504
17.72107
19.60573
19.09173
21.14773
19.9484
17.3784
17.8924
15.49373
16.52173
18.06373
17.8924
19.77707
20.80507
20.9764
21.14773
20.9764
22.34707
23.0324
21.14773
22.34707
21.14773
22.5184
21.83307
20.4624
19.9484
19.09173
20.11973
20.29107
20.11973
20.9764
20.4624
19.9484
20.4624
19.09173
18.74907
16.52173
14.46573
14.8084
14.8084
15.8364
17.03573
18.74907
19.4344
16.8644
17.3784
17.3784
16.3504
16.00773
16.17907
17.8924
16.17907
16.52173
15.49373
16.00773
15.66507
16.52173
18.57773
17.54973
17.54973
15.3224
15.8364
16.17907
17.54973
19.60573
19.77707
20.11973
19.09173
18.57773
16.8644
15.15107
14.8084
16.8644
16.3504
17.72107
18.23507
16.8644
17.54973
20.29107
19.26307
20.11973
20.11973
19.77707
20.4624
20.9764
19.60573
16.69307
16.69307
17.54973
20.4624
20.29107
20.80507
21.14773
20.4624
21.4904
20.63373
23.0324
18.23507
17.54973
19.09173
17.3784
17.03573
17.8924
18.23507
20.9764
21.14773
21.4904
20.4624
18.9204
18.9204
22.5184
22.86107
21.4904
23.0324
20.63373
19.4344
21.14773
20.11973
19.9484
19.60573
20.11973
19.4344
19.60573
20.4624
20.9764
21.14773
20.80507
19.4344
20.80507
20.29107
20.63373
20.4624
19.60573
20.9764
20.4624
19.09173
19.26307
19.60573
17.72107
19.60573
19.26307
20.11973
22.34707
22.34707
18.06373
17.54973
20.11973
19.77707
22.5184
21.83307
21.31907
19.9484
20.9764
21.66173
21.66173
21.31907
22.0044
22.68973
23.37507
22.68973
20.9764
19.9484
19.09173
20.9764
23.5464
23.5464
23.88907
24.40307
25.25973
23.71773
23.0324
21.14773
21.4904
21.4904
21.66173
21.66173
21.66173
23.20373
22.0044
21.83307
20.29107
20.11973
18.4064
18.74907
18.4064
20.63373
22.5184
21.31907
22.0044
20.63373
19.60573
19.9484
19.9484
18.4064
19.4344
20.29107
23.71773
24.23173
24.0604
24.23173
24.0604
23.5464
23.0324
22.0044
21.66173
21.4904
21.83307
22.0044
23.5464
21.83307
20.9764
21.14773
22.34707
21.66173
22.5184
23.37507
23.88907
22.34707
23.37507
22.86107
23.5464
23.0324
24.23173
23.37507
24.0604
24.0604
24.0604
23.5464
24.5744
24.5744
24.74573
24.91707
23.20373
25.6024
23.71773
22.34707
24.40307
24.23173
26.28773
24.74573
24.23173
26.28773
26.97307
26.97307
28.00107
26.28773
25.6024
25.0884
26.28773
26.80173
26.45907
26.1164
25.6024
26.97307